513
1368
3477
2698
1368
5415
57
380
3933
2242
2432
1425
3002
1425
2584
2850
1026
3363
722
3192
5244
2774
684
2337
3591
4788
228
3534
741
950
228
1995
798
494
4218
2508
1786
4674
4047
2964
741
3420
741
2736
38
684
1862
114
1938
1710
1558
5358
2660
5016
2508
1824
2337
2964
38
3306
1558
1406
1995
2052
3933
1767
3192
3078
2850
4275
3819
1425
3762
3344
3116
1710
418
3591
1710
2052
2432
190
3477
456
2907
2223
1539
3705
2394
2432
2774
5529
3534
3933
855
3192
1976
3648
57
5301
2394
3382
2166
1634
2109
2109
5244
2242
1311
2793
1767
228
4104
1292
399
3648
1976
3021
2622
1197
1900
1653
2204
4674
3724
456
1216
1596
5415
3116
1406
608
2166
2470
1938
1862
2242
912
3458
3420
2698
3762
399
2793
570
5130
1824
4959
570
3078
570
2622
1786
4161
855
1311
3724
3363
5529
2926
1938
2394
2337
3268
2090
2546
969
342
1311
5187
1938
2337
646
2052
3686
684
2014
4161
798
1140
399
152
1824
3344
874
3135
1482
1425
2052
2204
2850
2337
3610
3135
114
3990
3572
4788
2793
532
418
304
2508
874
2622
152
2964
1558
2964
304
2128
57
760
1140
646
4674
2812
2090
76
874
380
3534
2907
2926
1140
3572
1824
2014
3420
1216
5643
3040
1140
2508
2318
2850
3876
1520
2622
456
190
2451
4845
5643
2698
2204
5529
4617
798
4332
2888
2698
1558
3192
3306
2774
3078
2451
4218
1900
3116
2793
3534
2793
570
4788
3078
3420
1254
1596
4503
570
3933
1938
3192
2052
171
2698
5472
1406
456
1938
570
3021
3040
1786
4161
2166
38
3306
5301
5586
855
114
2128
3306
1254
285
3724
2337
2470
1767
4332
2660
2109
1292
2622
494
3078
1330
1710
1710
342
1938
4788
4275
57
3933
2565
399
3705
2166
4503
2318
1444
2964
912
3230
1292
5358
380
722
3230
2907
5016
2109
5529
494
2204
2964
5643
3021
5643
3591
513
342
456
3990
3724
3040
3705
1482
4275
1938
2793
1064
2128
5358
1292
2280
2242
2793
2622
3534
2812
5016
4617
2432
2223
1197
2736
4218
3021
1520
3705
1444
4047
950
3534
5643
3705
798
798
3306
1292
2394
380
3724
5130
4617
2014
1653
3154
988
2318
950
5472
4446
114
4332
3268
4845
57
1824
3230
4161
5130
1482
3477
4731
1653
2907
1178
950
3477
3705
1539
912
1748
798
1653
3154
1710
152
2451
1862
5130
1520
2280
4617
836
5529
3021
1824
3230
4959
1596
1710
969
4617
1178
2698
4617
1026
684
855
3610
4104
912
3230
5643
57
76
3192
3116
3591
3534
228
2850
988
2793
2736
3268
969
2432
3534
190
3230
4788
3819
2793
2318
2318
5586
3192
1425
2508
3021
3192
4674
3477
2394
3306
2508
874
2014
1539
646
1653
456
2280
3458
3572
3021
3990
1824
3819
228
2166
3249