774
16254
23607
774
23607
25929
10578
12384
26703
30573
29670
17802
14706
5934
8514
30186
24768
8514
53793
28638
12384
8772
32895
50310
12771
36636
9288
11610
8514
31734
21156
28896
3354
22833
29799
24768
21156
17802
15222
28896
29928
17028
16641
49923
25542
36894
46440
24252
56115
26832
16254
30960
22446
20511
19737
13545
27606
50697
37152
7740
774
50310
34314
25542
33540
9546
29412
12384
29799
49149
4386
3870
30186
16641
36378
33282
25800
32766
37410
17286
19866
11610
10320
1548
39861
22446
25542
21156
22446
14190
53793
54180
11997
49923
21156
10320
14706
36636
23220
22059
20511
43731
42570
3096
16641
52245
12771
41409
3612
15093
38184
29670
25929
14706
49149
17028
4128
29670
25542
6708
14706
35604
36378
25026
28380
29025
24768
11868
14448
37539
26316
17544
54954
52632
11352
36894
17802
19092
3354
25542
15867
6966
14190
3870
32508
11997
29928
2838
39861
35217
37926
12642
56889
11223
19866
6708
36765
2322
20640
10836
46827
25026
46827
18576
33798
15996
24252
5805
23220
387
49923
12384
29025
774
2322
33024
7224
19350
29025
23736
47601
2064
23994
56889
34830
49149
6192
43731
18963
2580
16254
27864
1161
15480
21930
45279
23478
20511
51084
22188
40248
11610
8256
28122
12384
15222
11223
39861
51858
4257
28896
1161
3612
18189
31992
20898
33024
21930
10836
52245
27864
11610
7740
25155
26574
1806
46053
53406
34314
3483
16254
42183
13416
19350
1548
12126
20640
13545
15093
30186
30573
3870
18834
18318
21672
49149
6192
36378
37926
22962
30444
22446
1161
44892
32766
16770
30444
46053
34443
2064
26832
4386
33282
6708
32895
37668
28638
36378
7482
38700
36120
20124
5676
19350
35862
24381
29412
14706
11223
26703
7353
16254
7740
7740
4128
29670
1548
1548
19866
21672
11868
28638
10062
20511
5805
43344
24510
19350
37926
43344
33282
3870
6192
3354
5031
37152
32121
32508
36378
49536
3870
33540
25542
45279
36120
23220
6708
46440
31992
28380
18189
38313
20124
47214
2838
33540
9030
32121
2064
25929
6450
4902
13932
10449
3870
51471
35346
23994
4257
32250
32895
28638
2580
23994
52245
26058
30186
5805
34056
37926
30960
13932
34314
36765
5031
19737
33282
57276
25284
55341
22704
25155
36378
39861
37668
30960
12384
32766
27477
21285
26316
16770
26316
43344
22962
21930
42570
13158
29928
25929
6450
19350
27864
54180
7482
11610
5031
24252
35217
17802
37668
20640
9804
25284
18060
12642
32508
4386
6708
4644
47988
43344
35088
46827
22059
19350
16770
2709
11868
10578
11223
25542
6966
7353
11223
28896
25155
26832
50310
10062
21414
25026
3354
9288
12384
28122
9288
6966
6966
29799
35346
4386
12384
28638
53019
37539
27348
7998
34056
31992
38442
7998
32508
57276
20511
31734
516
13158
2580
7740
1548
2709
10449
6192
5805
52632
17415
20124
25284
23736
13932
37539
24768
19092
29412
29412
10836
52245
3483
22188
17415
8514
17544
5160
25800
36378
13932
14190
19092
28638
44892
6450
15480
3870
12384
258
14964
9288
36894
5676
50310
15867
13932
23994
44892
6966
13545
29412
39861
44118
15867
52245
3870
27090
21672
17415
30960
10836
4644
23736
11610
9804
20382
34443
3354
35991
37152
36120
22188
19092
11610
37410
55341
2322
9675
36894
258
18963
32895
51471
37152
38700
27477
34830
25026
30573
17802
7482
25542
387
45666
32508
36120
34830
20124
27864
24381
17415
40248
28380
20898
44118
34830
35604
12384
2322
2580
39474
10320
20898
32250
5805
19866
18576
774
20382
1290
17028
21156
31734
53793
14448
31218
27864
29928
56502
12384
6966
387
35346
49923
28251
23607
3096
22059
54567
23994
25026
23736
13158
43344
35862
35604
32508
774
25542
28638
38184
18318
57276
26316
21672
44505
51471
48762
33798
1161
15867
11352
4257
26316
30960
50697
20382
31734
30186
22446
3870
43731
19866
23478
19350
51471
54954
42957
36636
7740
34314
45279
28896
27090
5805
3870
34572
38184
12384
31218
3096
13158
31476
41796
7740
30960
18576
41796
25542
34056
18318
25026
13932
34314
29412
5418
24768
21672
22962
16254
11610
2580
25542
56889
20124
44505
19737
20640
35217
33798
38313
34056
19608
12384
52632
41022
13932
52632
12126
23994
2322
22833
516
16254
25155
23994
29412
13932
2709
8127
15480
32895
27864
11094
774
17802
9804
14190
26574
14319
10062
37152
10062
27477
44892
1806
3096
39861
3483
15738
49923
4257
18060
3870
28251
8514
9288
38442
25542
36636
21285
21285
36765
6708
9030
19866
32121
31476
6708
30186
22059
31992
47988
1548
21285
10578
36378
1290
6966
14706
45279
49923
7482
46053
57663
3096
15093
31476
37152
20898
32250
39087
29025
29025
23478
53793
7740
27606
15093
35088
27864
28122
34056
7482
33282
5418
38442
10449
3096
42570
4257
41796
19350
21285
24252
45666
9546
54954
35346
13158
15093
11610
10062
32895
34443
8514
13674
53019
3870
4386
21672
49149
35991
42570
35346
26703
56115
17028
4257
14706
23994
55341
12384
53406
29670
10578
28122
10578
1806
22704
12642
40635
23994
22059
46053
35862
2709
27090
10836
17544
12642
6708
9675
57663
48375
30960
18318
1935
29670
35217
48375
17028
5676
29928
3612
17028
14964
6192
12384
28380
18060
4644
22446
44505
23220
42570
3612
11868
19350
16512
3483
4644
13158
23478
774
55341
21672
14964
29412
30960
54954
21672
47214
22446
2709
18834
18834
56115
43344
34056
18318
52632
49923
35346
1032
11223
11868
6450
26574
28251
33024
20640
22704
28638
18834
14964
17415
34443
15480
45666
10320
50310
29670
29412
29154
6708
5676
38313
25929
26703
37539
20382
29412
45279
30960
23220
15480
37668
6192
48375
18060
20382
10062
27477
1806
23607
1806
28122
18318
774
25284
18576
27348
6966
41022
2580
25800
13545
41022
4128
14706
6966
8514
25542
37926
22446
5418
3483
9288
15222
23736
8514
32895
41796
4386
7482
32250
16512
2580
4128
8514
32508
26832
27477
3870
32250
19866
30960
46440
11223
15093
34314
17028
23220
31347
8256
28122
45666
54180
15222
45666
55728
27348
29154
14190
23478
3870
49923
35991
22446
37668
9030
18576
33282
34443
258
32895
29025
6450
43731
25800
41022
22188
12126
46827
387
15222
39474
47214
8514
31734
38442
30186