326 303
119 149
473 146
296 373
446 129
353 295
116 13
432 95
206 192
361 244
36 480
69 406
359 487
461 303
458 28
39 121
19 52
416 241
209 87
31 26
25 300
48 26
482 32
57 146
56 117
322 15
349 173
79 343
263 379
26 255
103 420
444 74
132 235
467 126
455 350
421 283
183 59
149 41
408 151
484 17
96 368
121 335
90 209
372 22
191 6
223 245
177 129
326 489
473 380
153 355
180 384
239 411
266 262
461 437
144 379
216 483
270 473
7 443
82 292
77 363
214 338
21 282
384 143
14 144
185 15
393 473
145 181
417 453
241 404
123 196
272 212
26 273
21 8
52 24
42 301
305 10
230 41
6 325
7 32
43 5
17 46
172 406
324 469
82 177
11 206
35 37
66 42
205 434
460 52
71 409
8 261
21 483
358 56
35 190
221 252
454 36
7 15
410 404
71 71
47 81