222 22121
211 12020
12 21111
2010 20122
1222 12211
2021 20122
111 10221
2 10010
111 22211
122 10221
1010 201101
1 222010
1211 111101
1 121002
2 112001
20222 112011
1010 201010
1212 102112
21 202102
10 220122
10 1110021
1 2102202
121 1121102
211222 1022112
110222 2211120
1111 1010210
11 2120000
1111 1121010
110122 1212100
121220 2200110
2 22211010
2 21112021
1200212 22011101
10 12102122
21020 21012022
22 22122201
100 10212112
20 10011022
1101020 22112112
210112 10002202
2102 210200122
22 121022022
102 210200121
100012 220210002
111200 101012202
220200212 202000020
101202222 121001112
221102102 212221122
102201202 120222121
110110120 111002012